1.000000000000000000e+01 0.000000000000000000e+00 0.000000000000000000e+00 8.502966008350393698e-07
1.176811952434998432e+01 0.000000000000000000e+00 0.000000000000000000e+00 8.384954217587718068e-07
1.384886371393873183e+01 0.000000000000000000e+00 0.000000000000000000e+00 8.267951900770565863e-07
1.629750834620644184e+01 0.000000000000000000e+00 0.000000000000000000e+00 8.151979377239803167e-07
1.917910261672488659e+01 0.000000000000000000e+00 0.000000000000000000e+00 8.037057835951611796e-07
2.257019719633920474e+01 0.000000000000000000e+00 0.000000000000000000e+00 7.923209328915827869e-07
2.656087782946686815e+01 0.000000000000000000e+00 0.000000000000000000e+00 7.810456762484734165e-07
3.125715849688235082e+01 0.000000000000000000e+00 0.000000000000000000e+00 7.698823886443170942e-07
3.678379771828634404e+01 0.000000000000000000e+00 0.000000000000000000e+00 7.588335280856572779e-07
4.328761281083057355e+01 0.000000000000000000e+00 0.000000000000000000e+00 7.479016340639798577e-07
5.094138014816380178e+01 0.000000000000000000e+00 0.000000000000000000e+00 7.370893257816150356e-07
5.994842503189408944e+01 0.000000000000000000e+00 0.000000000000000000e+00 7.263993001442858635e-07
7.054802310718642389e+01 0.000000000000000000e+00 0.000000000000000000e+00 7.158343295186428315e-07
8.302175681319744172e+01 0.000000000000000000e+00 0.000000000000000000e+00 7.053972592538891923e-07
9.770099572992251069e+01 0.000000000000000000e+00 0.000000000000000000e+00 6.950910049673631904e-07
1.149756995397735579e+02 0.000000000000000000e+00 0.000000000000000000e+00 6.849185495947530236e-07
1.353047774579807481e+02 0.000000000000000000e+00 -3.399860760901845204e-14 6.748829402064341480e-07
1.592282793341092315e+02 0.000000000000000000e+00 -1.157700124323064978e-13 6.649872845922668462e-07
1.873817422860383033e+02 0.000000000000000000e+00 -1.858847993761605322e-12 6.552347476180388996e-07
2.205130739903045765e+02 0.000000000000000000e+00 -6.265489136500822063e-12 6.456285473576056785e-07
2.595024211399737055e+02 0.000000000000000000e+00 -3.952012597671704000e-12 6.361719510056578044e-07
3.053855508833415797e+02 1.140842388761814991e-08 2.903048254930574461e-11 6.268682705769155950e-07
3.593813663804625662e+02 2.790276369196522833e-08 4.077728928873150081e-10 6.177208583984341248e-07
4.229242874389498752e+02 4.485276665580819483e-08 2.855775204841742852e-09 6.087331024025668093e-07
4.977023564332108663e+02 6.224448702551640872e-08 7.569631584629071096e-09 5.999084212290093526e-07
5.857020818056661255e+02 8.006221300521797202e-08 1.455110398237181910e-08 5.912502591451958900e-07
6.892612104349694846e+02 9.828866656621536676e-08 2.377565495285033764e-08 5.827620807951397250e-07
8.111308307896872520e+02 1.169052120967587722e-07 3.522613255913993778e-08 5.744473657876525852e-07
9.545484566618337112e+02 1.358920681006047157e-07 4.885249854041373662e-08 5.663096031356443683e-07
1.123324032978027617e+03 1.552285164082866734e-07 6.461991830705564982e-08 5.583522855589706448e-07
1.321941148466028608e+03 1.748931037877856457e-07 8.247167902574571119e-08 5.505789036640311500e-07
1.555676143930472335e+03 1.948638314011321849e-07 1.023302212562054815e-07 5.429929400139977930e-07
1.830738280295367758e+03 2.151183282171651985e-07 1.241196321630286605e-07 5.355978631042161632e-07
2.154434690031882383e+03 2.358613623836555132e-07 1.477442344817572724e-07 5.283971212579103412e-07
2.535364493970111653e+03 2.583500604068036532e-07 1.731061320870968419e-07 5.213941364578886541e-07
2.983647240283337396e+03 2.810557375822527751e-07 2.000996502212259205e-07 5.145922981304485023e-07
3.511191734215130964e+03 3.039553554705423284e-07 2.286144247252437056e-07 5.079949568981195850e-07
4.132012400115334458e+03 3.270260436011557767e-07 2.625678115396489275e-07 5.016054183182797817e-07
4.862601580065353119e+03 3.502451327386279498e-07 3.001185730262914545e-07 4.954269366250078631e-07
5.722367659350214126e+03 3.735901652373727400e-07 3.388264302987069009e-07 4.894627084917932251e-07
6.734150657750821665e+03 3.970388840924234065e-07 3.786340583038250532e-07 4.837158668329299335e-07
7.924828983539169712e+03 4.205692027171007173e-07 4.194554384716021571e-07 4.781894746615467808e-07
9.326033468832200015e+03 4.441591578319975706e-07 4.611873182119097245e-07 4.728865190222937683e-07
1.097498765493054452e+04 4.677868481398281821e-07 5.037154357001283413e-07 4.678099050166880621e-07
1.291549665014882703e+04 4.914303616963941593e-07 5.469183220560378776e-07 4.629624499390474077e-07
1.519911082952933066e+04 5.150676950781878864e-07 5.906693984099543854e-07 4.583468775407865691e-07
1.788649529057435211e+04 5.386766675999376438e-07 6.348382683423621967e-07 4.539658124406226048e-07
2.104904144512021958e+04 5.622348339566559857e-07 6.792915556752274208e-07 4.498217746979459009e-07
2.477076355991708988e+04 5.857193987573996228e-07 7.238933586702688285e-07 4.459171745662382739e-07
2.915053062825175948e+04 6.091071364814619642e-07 7.685057691091228265e-07 4.422543074429818593e-07
3.430469286314912461e+04 6.323743204176083043e-07 8.129893671544805548e-07 4.388353490320026456e-07
4.037017258596549800e+04 6.554966641349851643e-07 8.572038800840848736e-07 4.356623507336007032e-07
4.750810162102793402e+04 6.784492789686640910e-07 9.010090356768796845e-07 4.327372352771960562e-07
5.590810182512222673e+04 7.012066508689278369e-07 9.442656625182525142e-07 4.300617926105003895e-07
6.579332246575682075e+04 7.237426397452109430e-07 9.868370607966562883e-07 4.276376760584658372e-07
7.742636826811278297e+04 7.460305041168220884e-07 1.028590574591588025e-06 4.254663987644409028e-07
9.111627561154887371e+04 7.680429534486386823e-07 1.069399392705406919e-06 4.235493304250832289e-07
1.072267222010323167e+05 7.897522299901526900e-07 1.109144164901115797e-06 4.218876943296528094e-07
1.261856883066020964e+05 8.111302212456816869e-07 1.147715086603553245e-06 4.204825647133384321e-07
1.484968262254463625e+05 8.321486033855083698e-07 1.185013373034115736e-06 4.193348644332500457e-07
1.747528400007683085e+05 8.527790149750468501e-07 1.220952722040875122e-06 4.184453629746601680e-07
2.056512308348651568e+05 8.729932593756249667e-07 1.255460406214013287e-06 4.178146747939855185e-07
2.420128264794383431e+05 8.927635330910397493e-07 1.288477974048859365e-06 4.174432580038898109e-07
2.848035868435798911e+05 9.120626762436504518e-07 1.319961546060474042e-06 4.173314134047461003e-07
3.351602650938840816e+05 9.308644403157255204e-07 1.349881700364069042e-06 4.174792838655396608e-07
3.944206059437656077e+05 9.491437673441088229e-07 1.378222983235317436e-06 4.178868540561250531e-07
4.641588833612772287e+05 9.668770739677687684e-07 1.404983104797125563e-06 4.185539505315690067e-07
5.462277217684336938e+05 9.840425331529905012e-07 1.430171891012721884e-06 4.194802421681298718e-07
6.428073117284319596e+05 1.000620346105128125e-06 1.453810069111744985e-06 4.206652409492512544e-07
7.564633275546290679e+05 1.016592996850616679e-06 1.475927969349942397e-06 4.221083030987686979e-07
8.902150854450374609e+05 1.031945482252838112e-06 1.496564204966689644e-06 4.238086305573789546e-07
1.047615752789664082e+06 1.046665510806103368e-06 1.515764387928220255e-06 4.257652727972785316e-07
1.232846739442065824e+06 1.060743664410134687e-06 1.533579916579501202e-06 4.279771289687651964e-07
1.450828778495940147e+06 1.074173518422717397e-06 1.550066854946892446e-06 4.304429503715098574e-07
1.707352647470688680e+06 1.086951716566440055e-06 1.565284908216199192e-06 4.331613432421494053e-07
2.009233002565045841e+06 1.099077998663496799e-06 1.579296490934515397e-06 4.361307718488426523e-07
2.364489412645407021e+06 1.110555180622723216e-06 1.592165874860838801e-06 4.393495618824514934e-07
2.782559402207125910e+06 1.121389087538503401e-06 1.603958406589969789e-06 4.428159041330848723e-07
3.274549162877724972e+06 1.131588442119744303e-06 1.614739786853988236e-06 4.465278584398708544e-07
3.853528593710527290e+06 1.141164711894550197e-06 1.624575408546643325e-06 4.504833579009902654e-07
4.534878508128582500e+06 1.150131919688690582e-06 1.633529754437792630e-06 4.546802133302461528e-07
5.336699231206301600e+06 1.158506422720759823e-06 1.641665860265795894e-06 4.591161179457385378e-07
6.280291441834246740e+06 1.166306666273390679e-06 1.649044848389666560e-06 4.637886522755641497e-07
7.390722033525775187e+06 1.173552918278796627e-06 1.655725537007511780e-06 4.686952892648841617e-07
8.697490026177834719e+06 1.180266991300120671e-06 1.661764127753956217e-06 4.738333995682016621e-07
1.023531021899024770e+07 1.186471958309048353e-06 1.667213971241619606e-06 4.792002570102300227e-07
1.204503540258781239e+07 1.192191868375494295e-06 1.672125407135302707e-06 4.847930441983765650e-07
1.417474162926804833e+07 1.197451467924178796e-06 1.676545672598435803e-06 4.906088582695490287e-07
1.668100537200059183e+07 1.202275932608558501e-06 1.680518871322915638e-06 4.966447167537778359e-07
1.963040650040268525e+07 1.206690614141344035e-06 1.684085994239980860e-06 5.028975635369624921e-07
2.310129700083158165e+07 1.210720805640276321e-06 1.687284982545622492e-06 5.093642749049923899e-07
2.718588242732940242e+07 1.214391528235219932e-06 1.690150824247484871e-06 5.160416656514393402e-07
3.199267137797384337e+07 1.217727340872266560e-06 1.692715676014210054e-06 5.229264952310940691e-07
3.764935806792463362e+07 1.220752174472838958e-06 1.695009003055996520e-06 5.300154739417316743e-07
4.430621457583877444e+07 1.223489190885726450e-06 1.697057730816210902e-06 5.373052691166670119e-07
5.214008287999684364e+07 1.225960666426753021e-06 1.698886403225789618e-06 5.447925113109178425e-07
6.135907273413163424e+07 1.228187899247349281e-06 1.700517343357701782e-06 5.524738004641124767e-07
7.220809018385456502e+07 1.230191139316924400e-06 1.701970813132764233e-06 5.603457120236336697e-07
8.497534359086437523e+07 1.231989539446497408e-06 1.703265169509506018e-06 5.684048030119337281e-07
1.000000000000000000e+08 1.233601125519930303e-06 1.704417015300547761e-06 5.766476180224376451e-07
