1.000000000000000000e+01 0.000000000000000000e+00 0.000000000000000000e+00 8.040997241949952548e-07
1.176811952434998432e+01 0.000000000000000000e+00 0.000000000000000000e+00 7.933265377795467704e-07
1.384886371393873183e+01 0.000000000000000000e+00 0.000000000000000000e+00 7.826434324111455916e-07
1.629750834620644184e+01 0.000000000000000000e+00 0.000000000000000000e+00 7.720519522949223353e-07
1.917910261672488659e+01 0.000000000000000000e+00 0.000000000000000000e+00 7.615537399320806113e-07
2.257019719633920474e+01 0.000000000000000000e+00 0.000000000000000000e+00 7.511505363604066279e-07
2.656087782946686815e+01 0.000000000000000000e+00 0.000000000000000000e+00 7.408441811504105335e-07
3.125715849688235082e+01 0.000000000000000000e+00 0.000000000000000000e+00 7.306366121481712370e-07
3.678379771828634404e+01 0.000000000000000000e+00 0.000000000000000000e+00 7.205298649566090901e-07
4.328761281083057355e+01 0.000000000000000000e+00 0.000000000000000000e+00 7.105260721476047445e-07
5.094138014816380178e+01 0.000000000000000000e+00 0.000000000000000000e+00 7.006274621981357229e-07
5.994842503189408944e+01 0.000000000000000000e+00 0.000000000000000000e+00 6.908363581444343454e-07
7.054802310718642389e+01 0.000000000000000000e+00 0.000000000000000000e+00 6.811551759490279563e-07
8.302175681319744172e+01 0.000000000000000000e+00 0.000000000000000000e+00 6.715864225764540275e-07
9.770099572992251069e+01 0.000000000000000000e+00 0.000000000000000000e+00 6.621326937744170132e-07
1.149756995397735579e+02 0.000000000000000000e+00 0.000000000000000000e+00 6.527966715581748234e-07
1.353047774579807481e+02 0.000000000000000000e+00 0.000000000000000000e+00 6.435811213970064465e-07
1.592282793341092315e+02 0.000000000000000000e+00 0.000000000000000000e+00 6.344888891027100032e-07
1.873817422860383033e+02 0.000000000000000000e+00 0.000000000000000000e+00 6.255228974212323757e-07
2.205130739903045765e+02 9.842565815649029410e-09 0.000000000000000000e+00 6.166861423296767436e-07
2.595024211399737055e+02 3.130325840502293393e-08 0.000000000000000000e+00 6.079816890421469907e-07
3.053855508833415797e+02 5.351226510927820680e-08 1.243086326930124345e-11 5.994126677290832174e-07
3.593813663804625662e+02 7.645698353767026900e-08 5.469824868686227310e-10 5.909822689559749205e-07
4.229242874389498752e+02 1.001213340499940494e-07 4.154959477368248420e-09 5.826937388485682927e-07
4.977023564332108663e+02 1.244859802270365678e-07 1.121437088151681909e-08 5.745503739929149398e-07
5.857020818056661255e+02 1.495285875518508846e-07 2.163209103787023490e-08 5.665555160798453480e-07
6.892612104349694846e+02 1.752241119041989761e-07 3.543463816887022212e-08 5.587125463046588277e-07
8.111308307896872520e+02 2.015451089638460604e-07 5.256544312257605036e-08 5.510248795340314401e-07
9.545484566618337112e+02 2.284620554539460915e-07 7.296777859674176291e-08 5.434959582533167618e-07
1.123324032978027617e+03 2.559436733155233566e-07 9.658740861028766295e-08 5.361292463085566740e-07
1.321941148466028608e+03 2.839572483574546064e-07 1.233298148780012065e-07 5.289282224586369159e-07
1.555676143930472335e+03 3.124689356328883997e-07 1.530814862722823760e-07 5.218963737540809347e-07
1.830738280295367758e+03 3.414440447051565937e-07 1.857239711429447011e-07 5.150371887599885082e-07
2.154434690031882383e+03 3.708472990322615375e-07 2.211145058003628970e-07 5.083541506416014000e-07
2.535364493970111653e+03 4.006430648660774410e-07 2.591033999625317450e-07 5.018507301318475720e-07
2.983647240283337396e+03 4.307955462792494077e-07 2.995291598098994490e-07 4.955303784010756449e-07
3.511191734215130964e+03 4.612689441523460568e-07 3.422244239247670206e-07 4.893965198499202712e-07
4.132012400115334458e+03 4.920275781353552246e-07 3.905951878382594607e-07 4.834525448469299483e-07
4.862601580065353119e+03 5.230359717082188054e-07 4.429805353776282473e-07 4.777018024331798173e-07
5.722367659350214126e+03 5.542589014805627911e-07 4.970862218257261141e-07 4.721475930165865525e-07
6.734150657750821665e+03 5.856614127758004986e-07 5.527847503770345640e-07 4.667931610790713641e-07
7.924828983539169712e+03 6.172088043323767428e-07 6.099221328913113856e-07 4.616416879200120635e-07
9.326033468832200015e+03 6.488665856251810021e-07 6.683283195972383186e-07 4.566962844596592900e-07
1.097498765493054452e+04 6.806004108687504466e-07 7.278228284097131750e-07 4.519599841262962918e-07
1.291549665014882703e+04 7.123759942200629753e-07 7.882180217562806406e-07 4.474357358509384329e-07
1.519911082952933066e+04 7.441590110632008077e-07 8.493211708945255488e-07 4.431263971932674326e-07
1.788649529057435211e+04 7.759149905413545459e-07 9.109354547534627029e-07 4.390347276223049180e-07
2.104904144512021958e+04 8.076092047115152340e-07 9.728608239884246749e-07 4.351633819750112308e-07
2.477076355991708988e+04 8.392065598381725792e-07 1.034894616072672026e-06 4.315149041155903302e-07
2.915053062825175948e+04 8.706714954139680007e-07 1.096832146149077333e-06 4.280917208177601333e-07
3.430469286314912461e+04 9.019678964917241330e-07 1.158467678756133677e-06 4.248961358916227288e-07
4.037017258596549800e+04 9.330590248226308000e-07 1.219595540091472845e-06 4.219303245760488740e-07
4.750810162102793402e+04 9.639074741037130457e-07 1.280011670170789167e-06 4.191963282166629438e-07
5.590810182512222673e+04 9.944751543250330570e-07 1.339515483431355756e-06 4.166960492485981682e-07
6.579332246575682075e+04 1.024723309752538659e-06 1.397912127029975690e-06 4.144312465021788413e-07
7.742636826811278297e+04 1.054612574466374976e-06 1.455014961079982992e-06 4.124035308485886893e-07
9.111627561154887371e+04 1.084103068580779402e-06 1.510648214433117351e-06 4.106143612014034039e-07
1.072267222010323167e+05 1.113154537291523891e-06 1.564649697960552499e-06 4.090650408886035807e-07
1.261856883066020964e+05 1.141726533731336098e-06 1.616872958450204664e-06 4.077567144083590154e-07
1.484968262254463625e+05 1.169778645277290785e-06 1.667189880351897962e-06 4.066903645804777612e-07
1.747528400007683085e+05 1.197270761476061403e-06 1.715492082640047952e-06 4.058668101039628549e-07
2.056512308348651568e+05 1.224163380178860539e-06 1.761692125613530448e-06 4.052867035296148174e-07
2.420128264794383431e+05 1.250417946868966240e-06 1.805724043646305833e-06 4.049505296550665316e-07
2.848035868435798911e+05 1.275997220595549942e-06 1.847543270362000007e-06 4.048586043480673367e-07
3.351602650938840816e+05 1.300865658481656445e-06 1.887126016757665080e-06 4.050110738022035428e-07
3.944206059437656077e+05 1.324989809538980197e-06 1.924468157435076738e-06 4.054079142276292837e-07
4.641588833612772287e+05 1.348338707580951083e-06 1.959583733787559816e-06 4.060489319777259485e-07
5.462277217684336938e+05 1.370884252451397115e-06 1.992503186402499784e-06 4.069337641109708985e-07
6.428073117284319596e+05 1.392601568632879923e-06 2.023271417834802364e-06 4.080618793856502388e-07
7.564633275546290679e+05 1.413469330597201448e-06 2.051945790498993543e-06 4.094325796834250055e-07
8.902150854450374609e+05 1.433470045012830208e-06 2.078594137834401256e-06 4.110450018561481230e-07
1.047615752789664082e+06 1.452590281103510258e-06 2.103292846656701186e-06 4.128981199887621569e-07
1.232846739442065824e+06 1.470820842005070519e-06 2.126125053218395582e-06 4.149907480695558567e-07
1.450828778495940147e+06 1.488156871816495859e-06 2.147178974904874840e-06 4.173215430575667608e-07
1.707352647470688680e+06 1.504597895092974201e-06 2.166546384900201675e-06 4.198890083354716187e-07
2.009233002565045841e+06 1.520147787680164369e-06 2.184321233036689060e-06 4.226914975349272061e-07
2.364489412645407021e+06 1.534814679936269453e-06 2.200598408467781880e-06 4.257272187199895008e-07
2.782559402207125910e+06 1.548610795433325717e-06 2.215472639184368331e-06 4.289942389130072843e-07
3.274549162877724972e+06 1.561552230084774174e-06 2.229037526039616716e-06 4.324904889462063708e-07
3.853528593710527290e+06 1.573658678241894074e-06 2.241384708947488781e-06 4.362137686210902138e-07
4.534878508128582500e+06 1.584953113584073823e-06 2.252603163374229718e-06 4.401617521567904519e-07
5.336699231206301600e+06 1.595461433563394625e-06 2.262778623599464088e-06 4.443319939075829245e-07
6.280291441834246740e+06 1.605212076737245909e-06 2.271993129972742774e-06 4.487219343289738176e-07
7.390722033525775187e+06 1.614235622536296351e-06 2.280324691670897842e-06 4.533289061710471323e-07
8.697490026177834719e+06 1.622564382887157221e-06 2.287847056603136537e-06 4.581501408771416214e-07
1.023531021899024770e+07 1.630231994671489698e-06 2.294629577361283747e-06 4.631827751654239499e-07
1.204503540258781239e+07 1.637273021298932799e-06 2.300737160887901826e-06 4.684238577705062968e-07
1.417474162926804833e+07 1.643722570751005414e-06 2.306230289098507511e-06 4.738703563219563383e-07
1.668100537200059183e+07 1.649615936373269896e-06 2.311165097430975357e-06 4.795191643363537989e-07
1.963040650040268525e+07 1.654988265511520581e-06 2.315593499965451262e-06 4.853671082994401783e-07
2.310129700083158165e+07 1.659874259861520907e-06 2.319563349736366953e-06 4.914109548149329371e-07
2.718588242732940242e+07 1.664307910183880894e-06 2.323118624861364372e-06 4.976474177966726694e-07
3.199267137797384337e+07 1.668322266872352311e-06 2.326299632282707842e-06 5.040731656809866761e-07
3.764935806792463362e+07 1.671949246793716198e-06 2.329143222242155865e-06 5.106848286364583940e-07
4.430621457583877444e+07 1.675219475869306621e-06 2.331683007818385797e-06 5.174790057487003524e-07
5.214008287999684364e+07 1.678162166061687354e-06 2.333949584989580636e-06 5.244522721581918707e-07
6.135907273413163424e+07 1.680805024775170754e-06 2.335970749532466764e-06 5.316011861298597691e-07
7.220809018385456502e+07 1.683174194177621138e-06 2.337771708187733580e-06 5.389222960336982810e-07
8.497534359086437523e+07 1.685294217597979502e-06 2.339375281888305484e-06 5.464121472164868909e-07
1.000000000000000000e+08 1.687188029938318964e-06 2.340802099677632910e-06 5.540672887454504498e-07
